Ciclo1>
Memoria Instrucciones
+------+-----+----+----+----+-----+
| INST | COD | RT | RS | RD | INM |
+------+-----+----+----+----+-----+
|    1 |   3 |  1 |  0 | -1 |   2 |
|    2 |   3 |  2 |  0 | -1 |   3 |
|    3 |   1 |  2 |  1 |  3 |   0 |
|    4 |   5 |  6 |  5 |  4 |   0 |
|    5 |   1 |  3 |  4 |  3 |   0 |
|    6 |   1 |  2 |  4 |  4 |   0 |
|    7 |   4 |  4 |  0 | -1 |   4 |
+------+-----+----+----+----+-----+
Memoria Datos
+---------------------+
| MEMORIA DE DATOS     |
+---------------------+
| [ 0]  |         0 |
| [ 1]  |         0 |
| [ 2]  |         0 |
| [ 3]  |         0 |
| [ 4]  |         0 |
| [ 5]  |         0 |
| [ 6]  |         0 |
| [ 7]  |         0 |
| [ 8]  |         0 |
| [ 9]  |         0 |
| [10]  |         0 |
| [11]  |         0 |
| [12]  |         0 |
| [13]  |         0 |
| [14]  |         0 |
| [15]  |         0 |
| [16]  |         0 |
| [17]  |         0 |
| [18]  |         0 |
| [19]  |         0 |
| [20]  |         0 |
| [21]  |         0 |
| [22]  |         0 |
| [23]  |         0 |
| [24]  |         0 |
| [25]  |         0 |
| [26]  |         0 |
| [27]  |         0 |
| [28]  |         0 |
| [29]  |         0 |
| [30]  |         0 |
| [31]  |         0 |
+---------------------+
ROB
+-----+------+-------------+---------+-------+-------------+-------+----------+
| TAG | BUSY | CLK_TICK_OK | DESTINO | ETAPA | INSTRUCCION | VALOR | VALOR_OK |
+-----+------+-------------+---------+-------+-------------+-------+----------+
|   0 |    0 |           0 |       0 |     0 |           0 |     0 |        0 |
|   0 |    0 |           0 |       0 |     0 |           0 |     0 |        0 |
|   0 |    0 |           0 |       0 |     0 |           0 |     0 |        0 |
|   0 |    0 |           0 |       0 |     0 |           0 |     0 |        0 |
|   0 |    0 |           0 |       0 |     0 |           0 |     0 |        0 |
|   0 |    0 |           0 |       0 |     0 |           0 |     0 |        0 |
|   0 |    0 |           0 |       0 |     0 |           0 |     0 |        0 |
+-----+------+-------------+---------+-------+-------------+-------+----------+
ER
+------------------------------------------------------------------------------
|Estacion 0                                                                   |
+---------+----+------+-----+---------+-----+---------+--------+--------+-----+
| TAG_ROB | OP | BUSY | OpA | CLK_OpA | OpB | CLK_OpB | OpB_OK | OpB_OK | INM |
+---------+----+------+-----+---------+-----+---------+--------+--------+-----+
|       0 |  0 |    0 |   0 |       0 |   0 |       0 |      0 |      0 |   0 |
|       0 |  0 |    0 |   0 |       0 |   0 |       0 |      0 |      0 |   0 |
|       0 |  0 |    0 |   0 |       0 |   0 |       0 |      0 |      0 |   0 |
|       0 |  0 |    0 |   0 |       0 |   0 |       0 |      0 |      0 |   0 |
|       0 |  0 |    0 |   0 |       0 |   0 |       0 |      0 |      0 |   0 |
|       0 |  0 |    0 |   0 |       0 |   0 |       0 |      0 |      0 |   0 |
|       0 |  0 |    0 |   0 |       0 |   0 |       0 |      0 |      0 |   0 |
+---------+----+------+-----+---------+-----+---------+--------+--------+-----+
+------------------------------------------------------------------------------
|Estacion 1                                                                   |
+---------+----+------+-----+---------+-----+---------+--------+--------+-----+
| TAG_ROB | OP | BUSY | OpA | CLK_OpA | OpB | CLK_OpB | OpB_OK | OpB_OK | INM |
+---------+----+------+-----+---------+-----+---------+--------+--------+-----+
|       0 |  0 |    0 |   0 |       0 |   0 |       0 |      0 |      0 |   0 |
|       0 |  0 |    0 |   0 |       0 |   0 |       0 |      0 |      0 |   0 |
|       0 |  0 |    0 |   0 |       0 |   0 |       0 |      0 |      0 |   0 |
|       0 |  0 |    0 |   0 |       0 |   0 |       0 |      0 |      0 |   0 |
|       0 |  0 |    0 |   0 |       0 |   0 |       0 |      0 |      0 |   0 |
|       0 |  0 |    0 |   0 |       0 |   0 |       0 |      0 |      0 |   0 |
|       0 |  0 |    0 |   0 |       0 |   0 |       0 |      0 |      0 |   0 |
+---------+----+------+-----+---------+-----+---------+--------+--------+-----+
+------------------------------------------------------------------------------
|Estacion 2                                                                   |
+---------+----+------+-----+---------+-----+---------+--------+--------+-----+
| TAG_ROB | OP | BUSY | OpA | CLK_OpA | OpB | CLK_OpB | OpB_OK | OpB_OK | INM |
+---------+----+------+-----+---------+-----+---------+--------+--------+-----+
|       0 |  0 |    0 |   0 |       0 |   0 |       0 |      0 |      0 |   0 |
|       0 |  0 |    0 |   0 |       0 |   0 |       0 |      0 |      0 |   0 |
|       0 |  0 |    0 |   0 |       0 |   0 |       0 |      0 |      0 |   0 |
|       0 |  0 |    0 |   0 |       0 |   0 |       0 |      0 |      0 |   0 |
|       0 |  0 |    0 |   0 |       0 |   0 |       0 |      0 |      0 |   0 |
|       0 |  0 |    0 |   0 |       0 |   0 |       0 |      0 |      0 |   0 |
|       0 |  0 |    0 |   0 |       0 |   0 |       0 |      0 |      0 |   0 |
+---------+----+------+-----+---------+-----+---------+--------+--------+-----+
UF
+---------+-----+----------+-------------+-----+-----+-----+--------+
| TAG_ROB | USO | OPERACION | CONT_CICLOS  | OpA | OpB | RES | RES_OK |
+---------+-----+----------+-------------+-----+-----+-----+--------+
|       0 |   0 |        0 |           0 |   0 |   0 |   0 |      0 |
|       0 |   0 |        0 |           0 |   0 |   0 |   0 |      0 |
|       0 |   0 |        0 |           0 |   0 |   0 |   0 |      0 |
+---------+-----+----------+-------------+-----+-----+-----+--------+
Banco de registros
+---------+-----+--------+-----------+
| TAG_ROB | OK  | CLK_OK | CONTENIDO |
+---------+-----+--------+-----------+
|       0 |   1 |      0 |         0 |
|       0 |   1 |      0 |         0 |
|       0 |   1 |      0 |         0 |
|       0 |   1 |      0 |         0 |
|       0 |   1 |      0 |         0 |
|       0 |   1 |      0 |         0 |
|       0 |   1 |      0 |         0 |
|       0 |   1 |      0 |         0 |
|       0 |   1 |      0 |         0 |
|       0 |   1 |      0 |         0 |
|       0 |   1 |      0 |         0 |
|       0 |   1 |      0 |         0 |
|       0 |   1 |      0 |         0 |
|       0 |   1 |      0 |         0 |
|       0 |   1 |      0 |         0 |
|       0 |   1 |      0 |         0 |
+---------+-----+--------+-----------+
Ciclo1>
Memoria Instrucciones
+------+-----+----+----+----+-----+
| INST | COD | RT | RS | RD | INM |
+------+-----+----+----+----+-----+
|    1 |   3 |  1 |  0 | -1 |   2 |
|    2 |   3 |  2 |  0 | -1 |   3 |
|    3 |   1 |  2 |  1 |  3 |   0 |
|    4 |   5 |  6 |  5 |  4 |   0 |
|    5 |   1 |  3 |  4 |  3 |   0 |
|    6 |   1 |  2 |  4 |  4 |   0 |
+------+-----+----+----+----+-----+
Memoria Datos
+---------------------+
| MEMORIA DE DATOS     |
+---------------------+
| [ 0]  |         0 |
| [ 1]  |         0 |
| [ 2]  |         0 |
| [ 3]  |         0 |
| [ 4]  |         0 |
| [ 5]  |         0 |
| [ 6]  |         0 |
| [ 7]  |         0 |
| [ 8]  |         0 |
| [ 9]  |         0 |
| [10]  |         0 |
| [11]  |         0 |
| [12]  |         0 |
| [13]  |         0 |
| [14]  |         0 |
| [15]  |         0 |
| [16]  |         0 |
| [17]  |         0 |
| [18]  |         0 |
| [19]  |         0 |
| [20]  |         0 |
| [21]  |         0 |
| [22]  |         0 |
| [23]  |         0 |
| [24]  |         0 |
| [25]  |         0 |
| [26]  |         0 |
| [27]  |         0 |
| [28]  |         0 |
| [29]  |         0 |
| [30]  |         0 |
| [31]  |         0 |
+---------------------+
ROB
+-----+------+-------------+---------+-------+-------------+-------+----------+
| TAG | BUSY | CLK_TICK_OK | DESTINO | ETAPA | INSTRUCCION | VALOR | VALOR_OK |
+-----+------+-------------+---------+-------+-------------+-------+----------+
|   0 |    1 |           0 |      -1 |     0 |           3 |     0 |        0 |
|   0 |    0 |           0 |       0 |     0 |           0 |     0 |        0 |
|   0 |    0 |           0 |       0 |     0 |           0 |     0 |        0 |
|   0 |    0 |           0 |       0 |     0 |           0 |     0 |        0 |
|   0 |    0 |           0 |       0 |     0 |           0 |     0 |        0 |
|   0 |    0 |           0 |       0 |     0 |           0 |     0 |        0 |
+-----+------+-------------+---------+-------+-------------+-------+----------+
ER
+------------------------------------------------------------------------------
|Estacion 0                                                                   |
+---------+----+------+-----+---------+-----+---------+--------+--------+-----+
| TAG_ROB | OP | BUSY | OpA | CLK_OpA | OpB | CLK_OpB | OpB_OK | OpB_OK | INM |
+---------+----+------+-----+---------+-----+---------+--------+--------+-----+
|       0 |  0 |    0 |   0 |       0 |   0 |       0 |      0 |      0 |   0 |
|       0 |  0 |    0 |   0 |       0 |   0 |       0 |      0 |      0 |   0 |
|       0 |  0 |    0 |   0 |       0 |   0 |       0 |      0 |      0 |   0 |
|       0 |  0 |    0 |   0 |       0 |   0 |       0 |      0 |      0 |   0 |
|       0 |  0 |    0 |   0 |       0 |   0 |       0 |      0 |      0 |   0 |
|       0 |  0 |    0 |   0 |       0 |   0 |       0 |      0 |      0 |   0 |
+---------+----+------+-----+---------+-----+---------+--------+--------+-----+
+------------------------------------------------------------------------------
|Estacion 1                                                                   |
+---------+----+------+-----+---------+-----+---------+--------+--------+-----+
| TAG_ROB | OP | BUSY | OpA | CLK_OpA | OpB | CLK_OpB | OpB_OK | OpB_OK | INM |
+---------+----+------+-----+---------+-----+---------+--------+--------+-----+
|       0 |  0 |    1 |   0 |       0 |   0 |       0 |      0 |      0 |   2 |
|       0 |  0 |    0 |   0 |       0 |   0 |       0 |      0 |      0 |   0 |
|       0 |  0 |    0 |   0 |       0 |   0 |       0 |      0 |      0 |   0 |
|       0 |  0 |    0 |   0 |       0 |   0 |       0 |      0 |      0 |   0 |
|       0 |  0 |    0 |   0 |       0 |   0 |       0 |      0 |      0 |   0 |
|       0 |  0 |    0 |   0 |       0 |   0 |       0 |      0 |      0 |   0 |
+---------+----+------+-----+---------+-----+---------+--------+--------+-----+
+------------------------------------------------------------------------------
|Estacion 2                                                                   |
+---------+----+------+-----+---------+-----+---------+--------+--------+-----+
| TAG_ROB | OP | BUSY | OpA | CLK_OpA | OpB | CLK_OpB | OpB_OK | OpB_OK | INM |
+---------+----+------+-----+---------+-----+---------+--------+--------+-----+
|       0 |  0 |    0 |   0 |       0 |   0 |       0 |      0 |      0 |   0 |
|       0 |  0 |    0 |   0 |       0 |   0 |       0 |      0 |      0 |   0 |
|       0 |  0 |    0 |   0 |       0 |   0 |       0 |      0 |      0 |   0 |
|       0 |  0 |    0 |   0 |       0 |   0 |       0 |      0 |      0 |   0 |
|       0 |  0 |    0 |   0 |       0 |   0 |       0 |      0 |      0 |   0 |
|       0 |  0 |    0 |   0 |       0 |   0 |       0 |      0 |      0 |   0 |
+---------+----+------+-----+---------+-----+---------+--------+--------+-----+
UF
+---------+-----+----------+-------------+-----+-----+-----+--------+
| TAG_ROB | USO | OPERACION | CONT_CICLOS  | OpA | OpB | RES | RES_OK |
+---------+-----+----------+-------------+-----+-----+-----+--------+
|       0 |   0 |        0 |           0 |   0 |   0 |   0 |      0 |
|       0 |   0 |        0 |           0 |   0 |   0 |   0 |      0 |
|       0 |   0 |        0 |           0 |   0 |   0 |   0 |      0 |
+---------+-----+----------+-------------+-----+-----+-----+--------+
Banco de registros
+---------+-----+--------+-----------+
| TAG_ROB | OK  | CLK_OK | CONTENIDO |
+---------+-----+--------+-----------+
|       0 |   1 |      0 |         0 |
|       0 |   1 |      0 |         0 |
|       0 |   1 |      0 |         0 |
|       0 |   1 |      0 |         0 |
|       0 |   1 |      0 |         0 |
|       0 |   1 |      0 |         0 |
|       0 |   1 |      0 |         0 |
|       0 |   1 |      0 |         0 |
|       0 |   1 |      0 |         0 |
|       0 |   1 |      0 |         0 |
|       0 |   1 |      0 |         0 |
|       0 |   1 |      0 |         0 |
|       0 |   1 |      0 |         0 |
|       0 |   1 |      0 |         0 |
|       0 |   1 |      0 |         0 |
|       0 |   1 |      0 |         0 |
+---------+-----+--------+-----------+
1 y 6
Ciclo2>
Memoria Instrucciones
+------+-----+----+----+----+-----+
| INST | COD | RT | RS | RD | INM |
+------+-----+----+----+----+-----+
|    1 |   3 |  1 |  0 | -1 |   2 |
|    2 |   3 |  2 |  0 | -1 |   3 |
|    3 |   1 |  2 |  1 |  3 |   0 |
|    4 |   5 |  6 |  5 |  4 |   0 |
|    5 |   1 |  3 |  4 |  3 |   0 |
+------+-----+----+----+----+-----+
Memoria Datos
+---------------------+
| MEMORIA DE DATOS     |
+---------------------+
| [ 0]  |         0 |
| [ 1]  |         0 |
| [ 2]  |         0 |
| [ 3]  |         0 |
| [ 4]  |         0 |
| [ 5]  |         0 |
| [ 6]  |         0 |
| [ 7]  |         0 |
| [ 8]  |         0 |
| [ 9]  |         0 |
| [10]  |         0 |
| [11]  |         0 |
| [12]  |         0 |
| [13]  |         0 |
| [14]  |         0 |
| [15]  |         0 |
| [16]  |         0 |
| [17]  |         0 |
| [18]  |         0 |
| [19]  |         0 |
| [20]  |         0 |
| [21]  |         0 |
| [22]  |         0 |
| [23]  |         0 |
| [24]  |         0 |
| [25]  |         0 |
| [26]  |         0 |
| [27]  |         0 |
| [28]  |         0 |
| [29]  |         0 |
| [30]  |         0 |
| [31]  |         0 |
+---------------------+
ROB
+-----+------+-------------+---------+-------+-------------+-------+----------+
| TAG | BUSY | CLK_TICK_OK | DESTINO | ETAPA | INSTRUCCION | VALOR | VALOR_OK |
+-----+------+-------------+---------+-------+-------------+-------+----------+
|   0 |    1 |           0 |      -1 |     0 |           3 |     0 |        0 |
|   1 |    1 |           0 |      -1 |     0 |           3 |     0 |        0 |
|   0 |    0 |           0 |       0 |     0 |           0 |     0 |        0 |
|   0 |    0 |           0 |       0 |     0 |           0 |     0 |        0 |
|   0 |    0 |           0 |       0 |     0 |           0 |     0 |        0 |
+-----+------+-------------+---------+-------+-------------+-------+----------+
ER
+------------------------------------------------------------------------------
|Estacion 0                                                                   |
+---------+----+------+-----+---------+-----+---------+--------+--------+-----+
| TAG_ROB | OP | BUSY | OpA | CLK_OpA | OpB | CLK_OpB | OpB_OK | OpB_OK | INM |
+---------+----+------+-----+---------+-----+---------+--------+--------+-----+
|       0 |  0 |    0 |   0 |       0 |   0 |       0 |      0 |      0 |   0 |
|       0 |  0 |    0 |   0 |       0 |   0 |       0 |      0 |      0 |   0 |
|       0 |  0 |    0 |   0 |       0 |   0 |       0 |      0 |      0 |   0 |
|       0 |  0 |    0 |   0 |       0 |   0 |       0 |      0 |      0 |   0 |
|       0 |  0 |    0 |   0 |       0 |   0 |       0 |      0 |      0 |   0 |
+---------+----+------+-----+---------+-----+---------+--------+--------+-----+
+------------------------------------------------------------------------------
|Estacion 1                                                                   |
+---------+----+------+-----+---------+-----+---------+--------+--------+-----+
| TAG_ROB | OP | BUSY | OpA | CLK_OpA | OpB | CLK_OpB | OpB_OK | OpB_OK | INM |
+---------+----+------+-----+---------+-----+---------+--------+--------+-----+
|       0 |  0 |    1 |   0 |       0 |   0 |       0 |      0 |      0 |   2 |
|       1 |  0 |    1 |   0 |       0 |   0 |       0 |      0 |      0 |   3 |
|       0 |  0 |    0 |   0 |       0 |   0 |       0 |      0 |      0 |   0 |
|       0 |  0 |    0 |   0 |       0 |   0 |       0 |      0 |      0 |   0 |
|       0 |  0 |    0 |   0 |       0 |   0 |       0 |      0 |      0 |   0 |
+---------+----+------+-----+---------+-----+---------+--------+--------+-----+
+------------------------------------------------------------------------------
|Estacion 2                                                                   |
+---------+----+------+-----+---------+-----+---------+--------+--------+-----+
| TAG_ROB | OP | BUSY | OpA | CLK_OpA | OpB | CLK_OpB | OpB_OK | OpB_OK | INM |
+---------+----+------+-----+---------+-----+---------+--------+--------+-----+
|       0 |  0 |    0 |   0 |       0 |   0 |       0 |      0 |      0 |   0 |
|       0 |  0 |    0 |   0 |       0 |   0 |       0 |      0 |      0 |   0 |
|       0 |  0 |    0 |   0 |       0 |   0 |       0 |      0 |      0 |   0 |
|       0 |  0 |    0 |   0 |       0 |   0 |       0 |      0 |      0 |   0 |
|       0 |  0 |    0 |   0 |       0 |   0 |       0 |      0 |      0 |   0 |
+---------+----+------+-----+---------+-----+---------+--------+--------+-----+
UF
+---------+-----+----------+-------------+-----+-----+-----+--------+
| TAG_ROB | USO | OPERACION | CONT_CICLOS  | OpA | OpB | RES | RES_OK |
+---------+-----+----------+-------------+-----+-----+-----+--------+
|       0 |   0 |        0 |           0 |   0 |   0 |   0 |      0 |
|       0 |   0 |        0 |           0 |   0 |   0 |   0 |      0 |
|       0 |   0 |        0 |           0 |   0 |   0 |   0 |      0 |
+---------+-----+----------+-------------+-----+-----+-----+--------+
Banco de registros
+---------+-----+--------+-----------+
| TAG_ROB | OK  | CLK_OK | CONTENIDO |
+---------+-----+--------+-----------+
|       0 |   1 |      0 |         0 |
|       0 |   1 |      0 |         0 |
|       0 |   1 |      0 |         0 |
|       0 |   1 |      0 |         0 |
|       0 |   1 |      0 |         0 |
|       0 |   1 |      0 |         0 |
|       0 |   1 |      0 |         0 |
|       0 |   1 |      0 |         0 |
|       0 |   1 |      0 |         0 |
|       0 |   1 |      0 |         0 |
|       0 |   1 |      0 |         0 |
|       0 |   1 |      0 |         0 |
|       0 |   1 |      0 |         0 |
|       0 |   1 |      0 |         0 |
|       0 |   1 |      0 |         0 |
|       0 |   1 |      0 |         0 |
+---------+-----+--------+-----------+
2 y 5
Ciclo3>
Memoria Instrucciones
+------+-----+----+----+----+-----+
| INST | COD | RT | RS | RD | INM |
+------+-----+----+----+----+-----+
|    1 |   3 |  1 |  0 | -1 |   2 |
|    2 |   3 |  2 |  0 | -1 |   3 |
|    3 |   1 |  2 |  1 |  3 |   0 |
|    4 |   5 |  6 |  5 |  4 |   0 |
+------+-----+----+----+----+-----+
Memoria Datos
+---------------------+
| MEMORIA DE DATOS     |
+---------------------+
| [ 0]  |         0 |
| [ 1]  |         0 |
| [ 2]  |         0 |
| [ 3]  |         0 |
| [ 4]  |         0 |
| [ 5]  |         0 |
| [ 6]  |         0 |
| [ 7]  |         0 |
| [ 8]  |         0 |
| [ 9]  |         0 |
| [10]  |         0 |
| [11]  |         0 |
| [12]  |         0 |
| [13]  |         0 |
| [14]  |         0 |
| [15]  |         0 |
| [16]  |         0 |
| [17]  |         0 |
| [18]  |         0 |
| [19]  |         0 |
| [20]  |         0 |
| [21]  |         0 |
| [22]  |         0 |
| [23]  |         0 |
| [24]  |         0 |
| [25]  |         0 |
| [26]  |         0 |
| [27]  |         0 |
| [28]  |         0 |
| [29]  |         0 |
| [30]  |         0 |
| [31]  |         0 |
+---------------------+
ROB
+-----+------+-------------+---------+-------+-------------+-------+----------+
| TAG | BUSY | CLK_TICK_OK | DESTINO | ETAPA | INSTRUCCION | VALOR | VALOR_OK |
+-----+------+-------------+---------+-------+-------------+-------+----------+
|   0 |    1 |           0 |      -1 |     0 |           3 |     0 |        0 |
|   1 |    1 |           0 |      -1 |     0 |           3 |     0 |        0 |
|   2 |    1 |           0 |       3 |     0 |           1 |     0 |        0 |
|   0 |    0 |           0 |       0 |     0 |           0 |     0 |        0 |
+-----+------+-------------+---------+-------+-------------+-------+----------+
ER
+------------------------------------------------------------------------------
|Estacion 0                                       